<?xml version="1.0"?>
<opencv_storage>
<Intrinsic type_id="opencv-matrix">
  <rows>3</rows>
  <cols>3</cols>
  <dt>d</dt>
  <data>
    4.2338176168948848e+02 0. 3.4157227425473087e+02 0.
    4.2128118600747547e+02 2.6906850819479087e+02 0. 0. 1.</data></Intrinsic>
<Distortion type_id="opencv-matrix">
  <rows>1</rows>
  <cols>5</cols>
  <dt>d</dt>
  <data>
    -4.3260915658494303e-01 2.6434646197527994e-01
    -3.4101773218845715e-04 5.0611619577695609e-04
    -1.0793532332456121e-01</data></Distortion>
</opencv_storage>
