<?xml version="1.0"?>
<opencv_storage>
<Intrinsic type_id="opencv-matrix">
  <rows>3</rows>
  <cols>3</cols>
  <dt>d</dt>
  <data>
    4.2114352543185191e+02 0. 3.5081857499241357e+02 0.
    4.1893842183423794e+02 2.6528830953798018e+02 0. 0. 1.</data></Intrinsic>
<Distortion type_id="opencv-matrix">
  <rows>1</rows>
  <cols>5</cols>
  <dt>d</dt>
  <data>
    -4.1210427326678295e-01 1.9767650419925409e-01
    -4.7286814130760081e-04 -7.8009705597933650e-04
    -5.0766054732256274e-02</data></Distortion>
</opencv_storage>
