<?xml version="1.0"?>
<opencv_storage>
<R1 type_id="opencv-matrix">
  <rows>3</rows>
  <cols>3</cols>
  <dt>d</dt>
  <data>
    9.9996349385192362e-01 8.1620406289164248e-03
    -2.5282516144165736e-03 -8.1571670396536605e-03
    9.9996486337803170e-01 1.9320029093228724e-03 2.5439318664364509e-03
    -1.9113090086014680e-03 9.9999493764145253e-01</data></R1>
<R2 type_id="opencv-matrix">
  <rows>3</rows>
  <cols>3</cols>
  <dt>d</dt>
  <data>
    9.9986213333452056e-01 1.4758076502563246e-02 7.6100920944552871e-03
    -1.4743424634773124e-02 9.9988935366222476e-01
    -1.9778430113403158e-03 -7.6384392241063068e-03
    1.8653715134612583e-03 9.9996908683985652e-01</data></R2>
<P1 type_id="opencv-matrix">
  <rows>3</rows>
  <cols>4</cols>
  <dt>d</dt>
  <data>
    4.2010980392085673e+02 0. 3.3297939872741699e+02 0. 0.
    4.2010980392085673e+02 2.8791460800170898e+02 0. 0. 0. 1. 0.</data></P1>
<P2 type_id="opencv-matrix">
  <rows>3</rows>
  <cols>4</cols>
  <dt>d</dt>
  <data>
    4.2010980392085673e+02 0. 3.3297939872741699e+02
    -1.0319346660645065e+03 0. 4.2010980392085673e+02
    2.8791460800170898e+02 0. 0. 0. 1. 0.</data></P2>
<Q type_id="opencv-matrix">
  <rows>4</rows>
  <cols>4</cols>
  <dt>d</dt>
  <data>
    1. 0. 0. -3.3297939872741699e+02 0. 1. 0. -2.8791460800170898e+02 0.
    0. 0. 4.2010980392085673e+02 0. 0. 4.0710891661681570e-01 0.</data></Q>
<roi1 type_id="opencv-matrix">
  <rows>4</rows>
  <cols>1</cols>
  <dt>d</dt>
  <data>
    0. 23. 472. 617.</data></roi1>
<roi2 type_id="opencv-matrix">
  <rows>4</rows>
  <cols>1</cols>
  <dt>d</dt>
  <data>
    0. 28. 471. 612.</data></roi2>
</opencv_storage>
