<?xml version="1.0"?>
<opencv_storage>
<R type_id="opencv-matrix">
  <rows>3</rows>
  <cols>3</cols>
  <dt>d</dt>
  <data>
    9.9992646512795524e-01 -6.5673918273468036e-03
    -1.0194787947678785e-02 6.6060186410826479e-03
    9.9997111164663532e-01 3.7598390798169921e-03 1.0169801100597139e-02
    -3.8269095597556154e-03 9.9994096321172665e-01</data></R>
<T type_id="opencv-matrix">
  <rows>3</rows>
  <cols>1</cols>
  <dt>d</dt>
  <data>
    -2.4560064703166979e+00 -3.6250929174454112e-02
    -1.8693012566999370e-02</data></T>
<E type_id="opencv-matrix">
  <rows>3</rows>
  <cols>3</cols>
  <dt>d</dt>
  <data>
    -2.4517834994044232e-04 1.8831201584054626e-02
    -3.6178506316854812e-02 6.2854593261883239e-03
    -9.2761503021156141e-03 2.4560520468819358e+00
    2.0023838941484063e-02 -2.4561735943899117e+00
    -9.6037596432199945e-03</data></E>
<F type_id="opencv-matrix">
  <rows>3</rows>
  <cols>3</cols>
  <dt>d</dt>
  <data>
    -5.0628874546727788e-08 3.9079974274213648e-06
    -4.1972237362426909e-03 1.3047674438832368e-06
    -1.9351915081655367e-06 2.1593186071351941e-01
    1.4130023008450886e-03 -2.1552468169325190e-01 1.</data></F>
</opencv_storage>
